151
000 000 000 000 
200 200 200 200
000 100 100 100
100 000 006 006 
006 006 000 005 
005 005 005 000
216 125 216 000
125 216 125 000
000 000 000 000
000 000 000 200
216 125 216 001
33335 33335 33335 000
44446 44446 44446 000
34340 34340 106 500
000 125 216 000
125 216 125 000
2336 1445 2336 000
1445 2336 1445 000
216 125 216 000
125 216 125 000
1432 111 1432 222
000 216 125 000


2 2 2 2
2 2 2 2
3 4 5 5
4321


3 4 5
4 3 1
3 4 5
4 3 1
1 3 5


345
431
345
431
345
431

2 2 2 22 2 2 23 4 5 54321345431345431345431






#0 ghost
#1 left
#2 right
#3 left half
#4 right half
#5 left up
#6 right up

144
